0 0.320979 0.090378 0.334409 0.139009
0 0.106262 0.186635 0.212524 0.117595
0 0.117621 0.320284 0.234991 0.128315
0 0.357133 0.345234 0.230474 0.142577
0 0.117559 0.434351 0.235117 0.121207
0 0.351482 0.496721 0.246288 0.124757
0 0.115300 0.573342 0.230600 0.114036
0 0.374081 0.648203 0.295997 0.114063
0 0.117559 0.680284 0.235117 0.092676
0 0.099546 0.813941 0.198841 0.110495
0 0.358261 0.808599 0.323113 0.106928
0 0.318718 0.920892 0.338921 0.131910
0 0.346262 0.225541 0.263798 0.123676
0 0.690286 0.130180 0.334266 0.139676
0 0.682481 0.263662 0.347658 0.106676
0 0.678070 0.362293 0.356482 0.108387
0 0.673626 0.467072 0.341017 0.083982
0 0.690782 0.554369 0.350977 0.101441
0 0.678067 0.894820 0.354318 0.122432
